1
d = 0.4717
16 16
0 1 0 0 0 1 0 1 1 1 1 0 0 0 1 1
1 1 0 1 0 0 0 0 1 0 1 0 0 0 1 1
1 0 0 0 1 0 0 0 0 0 0 1 0 0 1 0
1 0 0 1 0 0 0 1 0 1 1 0 1 1 0 0
0 1 1 0 1 0 0 0 0 0 1 0 1 0 0 1
1 0 1 1 0 0 0 1 1 1 0 1 1 0 0 0
1 0 0 1 1 0 1 1 0 1 1 0 0 0 1 1
1 1 1 1 0 1 0 0 0 1 0 1 1 1 0 0
0 0 1 1 0 0 0 0 1 1 1 1 1 1 1 0
1 1 0 0 1 1 0 1 1 1 0 0 0 0 1 1
1 1 0 1 1 1 0 0 1 1 1 0 1 0 1 0
0 1 1 0 0 0 0 0 1 1 1 1 0 0 1 1
1 1 0 0 1 0 1 1 0 0 1 0 1 1 0 1
0 0 0 0 1 1 0 1 1 0 1 1 0 0 0 0
1 1 0 0 0 1 1 0 0 1 0 0 0 0 0 0
0 1 1 1 0 0 1 0 0 0 0 1 0 1 0 0
2
d = 0.1646
16 16
0 0 0 0 0 1 0 0 0 1 0 1 0 0 0 0
0 1 0 0 0 1 0 0 0 0 0 0 0 0 0 0
1 0 0 1 1 0 0 0 0 0 0 0 0 0 0 0
0 0 1 0 0 0 1 1 0 0 0 0 0 0 0 0
0 0 0 0 1 1 0 0 1 0 0 0 1 0 0 0
0 0 0 0 0 0 0 0 0 0 0 0 0 0 0 1
0 0 0 1 0 0 0 0 0 0 0 0 0 0 0 0
0 0 0 0 0 0 0 0 0 0 0 0 0 0 0 1
0 0 1 0 0 1 0 0 0 0 0 0 0 1 0 0
0 0 0 0 0 0 0 0 1 0 0 0 0 0 0 0
0 0 0 1 0 0 0 0 1 0 0 0 0 0 0 0
0 0 1 0 0 0 1 0 0 0 0 0 0 0 0 0
1 0 0 0 0 0 0 0 0 0 1 0 0 0 0 0
0 0 1 0 0 0 1 1 0 0 0 1 0 1 0 1
1 1 0 0 0 0 0 0 0 1 0 0 0 0 0 0
0 0 1 1 0 0 1 0 0 0 1 0 0 0 1 0
3
d = 0.4857
16 16
1 0 1 0 0 1 1 0 1 0 1 1 1 1 0 0
0 1 0 1 0 0 1 1 1 0 1 0 0 0 1 1
1 0 1 0 0 1 1 0 1 0 0 0 1 0 0 0
1 0 0 0 0 1 1 0 0 1 1 0 1 0 1 1
0 0 0 1 0 0 0 1 0 0 1 0 0 0 0 1
1 1 0 0 0 1 1 1 1 0 1 0 0 1 0 0
1 1 0 1 0 1 0 0 1 1 0 1 0 1 1 0
1 0 0 0 0 0 1 0 1 0 1 1 0 0 1 0
1 1 0 0 0 1 1 1 0 0 1 0 1 0 1 0
0 0 0 0 0 1 1 0 0 0 0 0 1 1 0 0
1 0 0 0 0 0 1 0 1 1 1 1 0 0 1 1
0 1 1 1 0 0 1 0 0 0 1 1 0 0 0 1
0 0 0 1 0 1 1 0 1 1 1 1 1 0 0 0
1 0 1 1 0 1 0 1 0 0 0 1 0 0 1 0
0 0 1 0 1 1 1 1 0 0 0 1 1 1 0 1
1 0 0 1 1 0 1 1 0 0 1 1 1 1 0 0
4
d = 0.3252
16 16
0 0 0 0 0 1 0 1 0 0 0 0 1 0 0 0
1 1 1 0 0 0 0 0 0 0 0 1 0 0 0 0
0 0 1 1 0 0 0 0 0 0 0 0 0 1 0 1
0 1 0 0 1 0 1 1 1 1 0 1 1 0 0 0
1 0 0 1 0 0 0 0 1 1 0 0 1 0 1 0
0 1 0 0 1 0 0 0 0 0 1 0 0 1 1 0
1 0 1 1 0 0 0 0 1 0 0 0 1 1 1 0
1 0 1 1 0 0 0 0 0 0 1 1 1 1 0 0
0 0 0 0 0 1 0 0 1 1 0 0 0 0 1 0
1 0 0 0 1 0 1 1 0 1 0 1 0 0 0 0
0 0 0 1 1 0 1 0 0 0 0 0 0 0 1 1
0 0 1 1 0 0 1 0 0 0 0 1 0 0 0 1
1 0 1 0 1 0 1 1 0 1 0 1 0 1 0 1
0 1 1 0 1 1 1 0 1 0 1 0 0 0 1 0
0 1 0 0 1 1 0 0 0 1 0 0 0 0 0 0
0 0 1 0 0 0 0 1 1 0 0 1 1 0 0 0
5
d = 0.2729
16 16
0 0 0 1 0 1 0 1 1 0 1 0 1 0 0 0
0 1 1 0 0 1 0 1 0 1 1 0 0 0 0 0
0 1 1 0 0 0 0 0 0 0 0 0 0 0 1 1
1 0 0 1 0 0 1 0 0 0 0 0 1 1 1 0
1 0 1 1 1 0 0 1 0 0 0 0 0 0 1 0
0 0 1 0 1 1 1 1 0 0 1 1 0 0 0 0
0 0 0 0 1 0 0 0 0 0 0 1 0 0 0 0
0 1 0 0 0 0 0 1 0 1 0 0 0 0 1 0
0 1 0 1 1 0 0 0 1 0 0 0 0 0 1 0
0 1 0 0 0 0 0 1 0 0 0 0 0 0 0 0
0 1 0 0 0 0 0 1 0 0 1 0 1 0 0 0
0 0 0 0 0 0 0 0 0 1 1 1 0 0 1 0
0 0 0 0 1 1 0 0 0 0 1 0 0 0 0 0
0 1 1 0 0 0 0 1 0 0 0 0 0 0 0 0
1 0 0 0 0 0 0 0 0 0 0 1 0 1 0 1
0 0 0 0 0 0 1 0 0 1 0 0 0 1 0 1
6
d = 0.3737
16 16
1 0 0 0 1 1 0 0 1 0 0 1 0 1 0 1
0 1 0 1 0 1 1 0 0 1 0 0 1 0 0 0
0 1 1 1 1 0 0 0 1 0 0 1 1 0 0 0
0 1 1 0 1 0 0 0 0 0 1 0 1 0 1 0
0 0 0 0 1 0 1 0 1 0 0 1 0 0 0 0
0 0 0 0 0 1 0 1 0 0 1 1 1 0 0 1
0 0 0 0 1 1 1 1 0 1 0 0 0 1 0 0
0 0 0 1 0 0 0 1 1 0 0 0 1 1 0 0
0 0 0 1 1 1 1 0 0 0 0 0 1 0 1 1
1 0 0 0 1 0 0 1 1 1 1 1 0 0 0 1
0 0 1 0 0 1 1 1 0 0 1 0 0 0 0 1
1 0 0 1 1 1 0 0 1 0 0 1 0 0 1 0
0 0 1 1 0 1 0 0 1 0 0 0 0 0 0 0
1 0 1 0 0 0 0 1 0 0 0 0 1 0 1 1
1 0 1 1 0 1 0 1 0 0 0 1 0 0 0 0
1 0 0 0 0 0 1 0 1 1 0 0 0 0 1 0
7
d = 0.4334
16 16
0 1 1 1 0 0 1 1 0 0 0 0 0 0 1 1
1 0 0 0 0 1 1 0 1 1 0 1 0 0 1 0
1 0 1 0 1 0 1 0 1 1 1 0 0 1 0 0
0 0 1 1 1 1 0 0 0 0 1 0 0 0 0 1
1 0 1 0 1 0 1 0 0 1 0 0 1 0 1 1
0 0 0 0 1 0 0 0 0 0 0 1 1 0 0 0
0 0 0 1 1 0 0 1 0 0 1 1 1 0 1 0
0 0 0 1 1 0 0 0 1 1 0 1 0 1 0 0
0 1 1 0 0 0 1 1 1 0 1 1 1 1 0 1
1 0 0 0 1 1 1 0 0 0 1 0 1 0 0 1
1 0 1 1 1 1 1 0 1 0 0 1 0 0 0 0
1 0 0 0 0 0 1 0 0 1 1 0 1 0 0 1
1 0 0 0 1 1 1 0 0 1 0 1 0 0 0 0
0 1 0 0 0 0 1 0 0 1 0 1 0 0 0 0
1 0 1 1 1 0 1 0 1 0 0 1 0 0 1 0
0 1 1 0 1 1 1 0 0 0 0 0 0 0 1 1
8
d = 0.1945
16 16
0 1 0 0 0 1 0 0 1 0 0 1 0 0 0 0
0 1 1 0 0 0 0 0 0 0 1 0 0 0 1 0
0 0 0 0 0 0 0 1 1 0 1 0 1 0 0 1
0 0 0 0 1 1 0 0 0 0 0 0 0 0 0 0
0 0 0 0 0 0 0 0 0 0 0 0 0 1 1 0
0 0 0 1 0 0 0 1 0 0 0 0 1 1 0 1
0 0 0 1 0 0 0 0 0 0 0 0 0 0 0 0
0 0 0 0 1 0 0 0 0 0 0 0 0 0 0 1
0 0 1 0 1 0 0 0 0 0 0 0 0 0 0 1
0 0 0 0 0 0 0 1 0 0 0 0 0 0 0 0
0 0 0 0 0 0 1 0 0 0 1 1 0 0 0 0
0 1 0 0 1 0 1 1 0 0 0 0 0 0 0 1
0 0 0 0 0 0 1 1 0 0 0 0 0 0 0 1
0 0 0 0 0 0 1 1 1 0 1 0 1 0 0 0
1 0 1 0 1 0 1 0 0 0 0 0 0 0 0 0
0 1 0 1 0 0 0 1 0 1 0 0 0 0 0 0
9
d = 0.2134
16 16
0 0 0 1 0 0 1 0 0 1 0 0 0 0 0 1
0 0 0 0 0 0 0 0 0 0 0 0 0 0 0 0
1 0 0 0 1 0 0 0 0 0 0 0 0 0 0 0
0 0 1 1 0 0 0 0 0 1 0 0 1 0 0 1
0 0 0 0 0 0 0 0 1 0 1 0 0 0 0 0
1 0 1 0 0 0 0 0 0 0 0 0 0 0 1 1
0 0 0 0 1 1 0 0 0 0 0 0 1 0 1 0
0 0 1 1 0 0 0 0 0 0 0 0 0 0 1 0
0 0 0 0 0 0 1 0 0 1 0 0 0 0 0 1
0 0 0 1 0 1 0 0 1 1 0 0 0 0 0 0
0 0 0 0 0 0 0 0 0 1 0 0 0 0 0 0
1 0 1 0 1 0 1 0 0 0 0 0 0 0 0 0
1 0 1 0 0 0 0 0 0 0 0 0 0 0 0 1
0 0 1 1 0 0 0 0 0 0 0 0 1 1 1 0
1 0 0 0 0 1 0 1 0 0 1 0 0 0 0 0
0 0 1 0 1 0 0 0 0 0 1 0 1 1 0 0
10
d = 0.1811
16 16
1 1 0 0 0 0 0 0 0 0 0 0 0 0 0 1
0 0 0 0 0 0 0 0 0 0 0 0 0 0 0 0
0 0 0 0 0 0 0 0 0 0 0 1 0 0 0 0
1 1 1 0 1 0 0 0 0 1 0 0 0 0 0 0
1 0 0 0 0 0 0 1 0 0 1 0 0 0 1 0
0 0 0 1 1 1 0 0 0 0 0 0 1 0 0 0
0 1 0 0 0 1 0 0 0 0 0 1 0 0 0 0
0 0 0 0 0 0 0 0 0 0 0 1 1 0 0 1
0 0 1 0 0 1 0 0 0 1 1 0 0 1 0 0
0 0 1 0 1 0 0 0 0 0 0 0 1 0 1 0
1 0 0 0 0 0 0 0 0 0 1 0 0 0 0 1
0 0 0 1 1 1 0 0 0 0 0 0 0 0 1 1
0 0 1 0 0 0 0 1 1 0 0 0 0 0 0 1
0 0 0 0 0 0 0 0 1 0 1 0 0 0 0 0
0 0 0 0 0 1 0 0 0 0 0 0 0 1 1 0
0 0 1 0 0 1 0 0 1 0 0 0 0 0 0 0
11
d = 0.4237
16 16
1 0 0 1 1 0 0 1 1 0 0 1 0 1 0 0
1 0 0 0 1 0 1 0 0 0 1 0 1 0 0 0
1 1 0 0 1 0 1 0 0 0 0 0 0 0 0 0
1 0 0 0 0 1 0 0 0 0 1 1 0 1 0 0
1 1 1 1 0 0 0 1 0 0 0 1 0 1 0 1
0 0 1 1 0 1 0 0 0 1 0 0 1 0 1 0
1 1 0 0 1 1 0 0 0 0 0 0 0 0 0 1
1 0 1 0 1 0 0 0 0 0 0 0 0 0 1 0
1 1 1 1 0 1 1 1 1 1 0 0 1 0 1 1
1 0 1 0 0 1 1 1 0 0 0 0 1 1 0 1
1 1 0 1 1 0 0 0 1 1 0 0 0 0 1 0
1 0 1 0 1 0 1 1 0 0 0 0 0 1 0 1
0 0 0 1 0 0 1 1 0 0 1 1 0 0 0 0
0 0 0 1 0 1 0 1 0 0 0 0 0 1 0 1
0 0 1 1 0 0 0 1 1 0 0 0 0 0 1 0
0 0 0 0 0 0 1 0 1 1 0 0 0 1 1 0
12
d = 0.3771
16 16
0 0 0 0 0 0 0 1 1 0 0 0 0 1 0 1
0 0 1 0 1 0 1 0 0 0 0 0 0 1 0 0
0 0 1 1 0 1 1 0 0 0 1 1 0 1 0 1
0 0 0 0 1 0 1 0 1 0 0 0 0 0 0 1
0 1 0 0 1 1 0 1 0 1 0 1 1 1 0 1
0 1 0 0 0 1 0 0 0 0 1 0 1 1 0 0
0 1 0 0 1 1 0 0 0 0 1 0 0 1 0 0
0 1 0 0 1 1 0 1 1 0 0 0 0 0 1 0
0 1 0 1 0 0 1 0 1 0 1 1 0 1 1 1
0 1 0 0 1 0 0 0 1 0 0 0 0 0 0 1
0 1 0 1 0 0 0 0 0 1 1 0 1 0 0 0
0 0 0 1 0 0 0 0 0 0 0 0 0 0 0 1
0 1 0 0 0 0 1 0 1 0 0 0 0 0 1 1
0 1 0 0 1 1 0 0 0 1 0 0 0 1 0 1
1 0 0 1 1 0 1 0 0 0 0 0 0 0 0 0
0 0 0 1 0 1 0 0 0 1 0 0 0 0 0 0
13
d = 0.4512
16 16
0 0 1 0 1 0 0 0 1 0 0 0 1 1 0 0
0 0 0 0 0 0 1 0 1 0 0 1 0 1 1 0
1 0 1 0 0 1 1 1 1 1 0 1 1 1 1 1
0 1 1 1 0 0 0 0 0 0 1 1 0 1 1 0
0 1 1 1 0 0 0 0 1 1 1 0 0 0 1 1
0 1 0 0 0 0 0 1 0 1 0 0 1 1 0 0
0 0 1 0 0 0 0 1 1 0 0 1 0 1 1 1
0 0 1 0 0 0 0 1 1 0 0 1 1 1 0 1
0 1 0 1 0 1 0 0 0 0 1 0 1 0 1 0
1 0 1 1 1 0 1 0 1 1 0 1 1 1 1 0
0 0 0 1 1 0 1 0 0 1 1 1 1 0 0 1
1 0 0 0 0 0 0 0 0 0 0 0 0 1 1 0
0 1 0 0 0 1 1 0 1 0 1 0 0 1 0 0
0 1 0 0 1 1 0 0 0 0 0 1 0 0 1 0
0 1 1 1 1 1 1 1 1 0 0 1 0 0 1 0
0 0 1 1 0 1 0 0 0 1 1 0 1 1 0 0
14
d = 0.1100
16 16
0 0 0 0 0 0 0 0 0 1 1 1 0 0 0 0
0 1 0 1 0 0 0 1 0 0 0 0 1 1 0 0
0 1 0 0 0 0 0 0 0 0 0 0 0 0 0 0
0 1 0 0 0 0 0 0 0 0 0 0 0 0 0 0
0 0 0 0 0 0 0 0 0 0 0 0 1 0 0 0
0 0 0 0 0 0 1 0 1 0 0 0 0 1 0 0
0 0 1 0 0 0 0 0 0 0 0 0 0 0 0 0
0 0 0 0 0 0 0 1 0 0 0 1 0 0 0 0
0 0 0 0 0 0 1 0 0 1 0 0 0 0 0 0
0 0 1 0 0 0 0 0 0 0 0 0 0 0 0 0
0 1 0 0 0 0 0 1 0 0 0 0 0 1 0 0
0 0 1 0 0 0 0 1 1 0 0 0 0 0 0 1
0 0 1 0 1 0 0 0 0 1 0 0 0 0 0 0
1 0 0 0 0 0 0 0 0 0 0 0 0 0 0 0
0 0 0 0 0 0 0 0 0 0 0 0 1 0 0 0
0 0 0 1 0 0 0 0 0 0 0 0 1 0 0 0
15
d = 0.1835
16 16
1 1 0 0 1 0 0 0 1 0 0 0 0 0 0 0
0 1 0 0 1 0 0 0 0 0 0 0 0 0 1 0
0 0 0 1 0 0 0 0 0 1 1 0 0 0 0 0
0 0 0 0 1 0 0 0 0 0 0 0 0 0 0 0
0 0 0 1 0 0 0 0 0 1 0 0 1 0 1 0
0 0 0 0 0 0 0 0 1 0 0 0 0 1 0 0
0 1 0 0 0 0 1 0 1 1 1 0 0 0 0 1
0 0 0 0 0 0 0 0 1 0 0 0 0 1 1 1
0 0 0 0 0 0 0 1 0 0 0 1 0 0 1 0
0 1 1 0 0 0 0 0 0 1 0 0 0 0 0 0
0 0 0 0 0 0 1 0 0 0 0 1 0 1 0 0
0 0 0 0 0 0 0 0 0 0 0 0 0 0 0 0
0 0 1 0 0 0 0 0 1 0 0 1 0 0 0 0
1 1 0 0 0 1 0 0 1 0 0 0 0 1 0 0
0 1 0 1 1 1 1 0 0 0 0 0 0 0 0 0
0 1 0 0 0 0 1 0 0 0 0 0 0 0 0 0
16
d = 0.3247
16 16
0 0 0 0 0 0 1 0 1 0 0 0 1 0 0 1
0 1 0 0 0 0 0 0 0 0 1 0 0 0 0 1
0 1 1 1 0 0 0 1 0 0 0 1 1 0 1 0
0 0 1 0 0 0 1 1 0 1 1 0 0 0 0 0
0 0 1 0 0 0 0 0 1 0 1 0 0 0 0 0
1 1 1 0 0 0 0 0 0 0 1 0 1 0 1 1
0 0 1 1 0 0 1 0 0 0 0 0 0 1 0 1
0 0 0 0 1 0 1 1 0 0 1 0 0 0 0 0
1 1 1 0 0 0 1 1 1 1 0 1 1 0 1 0
0 0 0 1 1 1 0 0 0 0 0 0 0 0 0 0
0 1 0 1 1 0 0 0 1 1 0 1 0 1 0 0
0 1 0 1 1 0 0 1 1 0 0 0 0 0 1 1
0 0 1 0 0 1 1 1 0 0 0 1 1 1 0 0
0 0 0 0 1 0 0 0 0 0 0 1 1 0 0 0
0 0 0 0 1 0 0 0 0 0 0 0 1 0 0 1
0 0 0 0 0 0 0 1 0 0 0 0 0 0 1 0
17
d = 0.2949
16 16
0 0 0 1 1 0 0 1 0 0 1 1 1 1 0 0
0 0 0 0 0 1 0 0 0 0 0 1 0 0 0 1
0 0 0 1 0 0 1 0 0 0 1 0 1 0 0 1
0 0 1 0 0 0 0 0 0 1 0 0 0 0 0 0
0 1 1 0 1 0 0 0 1 0 0 0 1 0 1 0
0 1 0 0 1 0 0 1 0 1 1 0 1 1 0 0
0 0 0 0 1 0 1 0 0 0 1 0 0 0 1 1
0 0 1 0 0 0 1 1 0 0 1 0 1 1 0 0
0 1 0 1 1 0 0 0 0 1 0 0 1 0 0 0
0 0 0 0 1 1 0 0 1 0 0 0 0 1 0 0
0 0 0 0 1 0 1 0 0 0 1 0 1 1 1 0
0 1 0 1 0 0 0 0 0 1 1 1 0 0 0 1
1 1 0 0 0 1 1 0 1 0 0 0 0 1 0 0
1 0 0 0 0 1 0 1 0 1 0 0 0 0 1 0
0 1 0 0 0 1 0 1 0 1 0 0 0 0 1 1
0 0 0 0 1 0 0 0 1 1 0 1 0 1 0 1
18
d = 0.1539
16 16
0 0 0 0 0 0 0 0 0 1 0 0 0 0 0 0
0 1 0 0 0 0 0 0 0 1 0 0 0 0 0 0
0 0 0 0 0 0 0 0 0 0 1 0 0 0 0 1
0 0 0 1 0 0 0 0 0 0 1 0 0 0 0 0
0 0 0 0 0 0 0 1 0 0 0 0 0 1 0 0
0 0 0 0 0 0 0 1 0 0 0 0 1 0 1 1
0 0 0 1 0 0 0 0 0 1 0 0 1 1 0 1
0 0 0 0 0 0 0 0 0 0 0 0 0 0 0 0
0 1 1 0 0 0 0 0 0 0 0 0 0 0 0 0
0 0 0 0 0 0 0 0 0 0 0 1 0 0 0 1
0 0 0 0 1 0 0 1 0 1 0 1 1 0 0 0
0 0 0 1 0 0 0 0 0 0 0 0 1 0 0 0
0 0 0 1 0 0 0 0 0 0 0 0 1 0 0 0
1 0 0 0 0 0 1 1 1 0 0 1 0 0 0 1
0 0 0 0 0 1 0 0 1 0 0 0 0 0 0 0
0 1 1 0 0 0 0 0 0 1 0 1 0 0 1 1
19
d = 0.4476
16 16
0 1 0 0 1 0 1 0 1 1 1 0 1 1 0 0
1 0 0 0 0 0 1 0 1 1 1 1 0 1 1 1
0 1 0 1 0 0 1 0 0 1 0 1 0 1 0 0
1 1 0 0 1 0 0 0 1 0 1 0 0 0 0 0
0 0 0 0 1 0 0 1 0 1 1 0 0 1 0 1
0 0 1 0 0 1 0 0 1 0 1 1 0 1 0 0
1 0 0 0 1 0 0 1 1 1 0 0 0 1 0 1
1 0 1 1 1 1 1 1 0 1 1 0 0 1 0 0
1 1 0 0 0 1 0 0 0 1 1 0 0 0 1 1
0 1 1 1 0 0 0 0 1 0 1 0 1 1 1 1
0 0 1 1 0 0 1 0 1 0 1 0 0 0 1 1
0 0 1 1 0 1 1 0 1 0 1 0 0 0 0 0
0 1 1 0 0 1 0 1 0 0 1 0 0 0 1 0
0 1 1 1 0 0 1 1 0 1 0 1 1 0 0 1
1 0 1 0 1 1 0 1 1 0 1 1 1 1 0 1
0 0 1 0 0 0 1 0 0 1 0 0 1 1 1 0
20
d = 0.4115
16 16
0 1 0 1 1 1 1 0 0 1 0 1 1 0 1 0
0 1 0 0 0 1 1 0 0 1 0 0 1 0 0 0
0 0 1 0 0 0 1 0 0 1 0 1 0 0 0 1
1 0 0 0 0 1 0 1 0 0 1 0 0 1 0 0
1 0 0 1 0 0 0 0 0 1 1 0 0 0 0 1
1 0 1 0 1 0 0 0 1 1 0 0 0 0 1 1
1 0 0 0 1 0 0 0 1 1 1 0 1 1 0 0
1 1 0 0 0 0 0 0 1 0 1 0 1 0 0 1
0 1 0 0 0 0 0 0 0 0 0 0 1 0 1 0
1 1 1 0 0 0 1 0 1 0 1 1 0 0 0 0
0 0 1 1 0 1 1 1 1 0 1 1 0 0 0 0
1 1 0 1 0 1 1 1 0 0 1 1 0 1 1 1
0 1 1 0 0 1 0 0 0 1 0 0 0 1 1 1
0 0 1 0 1 0 0 1 1 0 0 1 0 0 0 1
0 1 0 0 0 1 0 1 0 1 1 1 1 0 0 1
0 0 0 1 0 1 1 1 1 0 0 0 0 1 1 1
21
d = 0.4344
16 16
0 0 0 0 0 1 1 0 0 1 1 0 0 0 0 1
1 1 0 1 1 0 0 1 0 0 0 0 1 0 1 1
0 0 0 0 1 0 1 1 1 1 0 0 1 1 0 1
0 1 0 0 1 1 1 0 0 0 0 0 1 1 1 1
0 0 0 0 0 1 0 1 1 1 1 1 0 1 1 1
1 0 0 0 0 0 1 1 0 0 0 1 1 0 0 1
0 0 1 0 1 1 0 0 0 0 1 0 0 1 0 1
0 0 1 0 1 1 1 0 0 1 1 1 0 0 0 1
1 1 0 0 0 1 1 1 0 1 0 1 0 1 0 1
0 0 1 0 0 0 1 1 0 0 0 1 1 0 1 1
1 0 0 0 1 1 1 0 0 1 1 1 1 0 1 0
1 0 1 0 1 0 0 0 1 0 0 0 1 1 0 0
1 1 0 1 0 0 0 0 1 1 1 1 1 0 1 0
1 1 0 0 0 1 1 1 0 1 1 0 0 0 0 0
0 0 0 1 0 1 1 1 0 0 0 1 0 0 1 0
0 1 0 0 1 1 0 0 1 1 0 0 1 0 1 1
22
d = 0.4594
16 16
1 1 1 1 1 1 0 1 1 0 1 0 0 0 1 0
0 0 0 0 0 0 1 1 0 1 0 1 0 0 0 0
1 1 0 0 0 1 1 0 0 0 0 1 1 0 0 1
0 1 1 0 1 0 0 1 0 1 0 1 1 0 0 1
0 0 0 0 0 0 1 0 1 1 1 0 0 0 0 0
1 0 1 1 1 1 1 0 1 0 0 0 0 0 1 0
1 1 0 1 1 1 0 0 1 0 1 1 1 0 0 0
0 0 1 0 1 0 0 1 0 0 1 0 1 0 1 0
1 1 1 1 0 0 0 0 0 0 0 1 0 0 1 1
0 1 0 1 0 1 1 0 0 0 0 1 0 0 1 1
1 1 0 0 0 0 0 0 0 0 1 0 1 1 0 0
0 0 1 1 1 0 0 1 1 0 0 0 0 0 1 0
1 1 0 1 1 0 0 1 0 0 1 1 0 1 0 1
0 1 1 0 1 0 0 0 0 0 1 1 0 0 1 0
0 1 0 1 0 1 1 0 0 1 0 0 0 0 0 0
0 0 0 1 0 1 0 1 0 1 1 1 0 0 1 0
23
d = 0.1033
16 16
0 0 0 1 0 0 0 0 1 1 0 0 1 0 0 0
0 1 0 0 0 1 0 0 1 0 0 1 0 0 0 0
0 0 0 0 0 0 1 0 0 1 0 0 0 0 0 0
0 0 0 0 0 0 0 0 0 0 0 0 0 0 0 0
1 0 0 0 0 0 0 0 0 0 0 0 0 0 0 0
0 0 0 0 0 1 0 0 0 0 0 0 0 0 1 0
0 1 0 0 0 0 1 0 0 0 0 0 0 0 0 0
0 0 0 0 0 0 1 0 0 0 0 0 1 0 0 0
0 1 0 0 0 0 0 0 0 1 0 0 0 0 0 0
0 1 0 0 0 0 0 0 0 1 0 0 1 0 1 0
0 0 0 0 1 0 0 1 0 0 0 0 0 0 0 0
0 0 0 1 0 0 1 0 0 0 0 0 0 0 0 0
1 0 1 0 0 0 0 1 0 0 0 1 0 0 1 1
0 0 0 1 0 0 0 1 1 0 0 0 0 0 0 0
0 0 0 0 0 0 1 0 1 0 0 0 0 0 0 0
0 0 1 0 0 0 0 0 0 0 0 0 0 0 0 0
24
d = 0.1165
16 16
0 0 0 0 0 0 0 0 0 0 0 0 0 0 0 1
0 0 0 0 1 0 0 0 0 1 0 0 0 0 0 0
0 0 0 0 0 0 0 0 1 0 0 0 1 0 0 0
0 1 0 1 0 0 0 0 0 0 0 0 0 0 0 1
0 0 0 0 0 0 0 0 0 0 0 0 0 0 1 0
0 0 0 0 0 0 0 0 0 0 0 0 0 0 0 0
1 1 1 0 0 0 1 0 0 0 0 0 0 0 0 0
0 0 0 0 0 0 0 1 0 0 0 0 0 0 1 1
0 0 0 0 0 1 0 1 0 0 0 0 1 0 0 0
0 0 0 0 1 0 0 0 1 0 0 0 0 1 0 0
0 0 0 0 0 0 0 0 0 1 0 0 0 0 0 0
0 0 0 0 1 0 0 0 0 0 0 0 0 0 0 0
0 0 0 0 0 0 0 0 0 0 0 0 0 0 1 0
0 0 0 0 0 0 0 0 0 0 0 0 0 0 0 0
0 1 0 0 0 0 0 0 0 0 1 1 0 1 0 0
1 0 1 1 0 0 0 0 0 0 0 1 1 0 0 0
25
d = 0.1574
16 16
0 0 0 0 1 0 0 0 1 0 0 0 1 0 0 0
0 0 0 1 0 0 0 0 0 0 0 0 0 0 0 0
1 0 0 0 0 0 1 0 0 0 0 0 0 0 0 1
0 0 0 0 1 0 0 0 0 0 0 0 0 0 1 0
1 1 0 1 0 1 0 0 1 0 0 0 0 0 0 0
1 0 0 0 0 0 0 0 0 0 0 0 0 0 0 0
0 0 1 1 0 0 0 0 0 0 0 0 1 0 0 0
0 1 0 0 1 0 0 0 0 1 1 0 0 0 0 0
0 0 0 0 1 0 0 0 0 0 0 1 1 0 0 1
0 0 0 0 0 0 0 0 1 0 0 0 0 0 0 1
1 0 1 0 0 0 0 0 0 0 0 0 0 0 0 0
0 0 0 0 0 0 0 0 0 0 0 0 0 0 0 0
0 1 0 0 0 1 0 0 0 0 1 1 0 0 0 1
1 0 0 0 0 0 0 1 0 0 0 0 1 0 0 0
0 1 0 0 0 0 0 0 0 0 0 0 0 0 0 0
0 0 0 0 0 0 1 0 0 1 0 1 0 0 0 0
26
d = 0.3494
16 16
1 0 1 0 1 1 0 1 0 0 0 0 0 1 0 1
0 1 0 1 0 1 0 0 0 0 0 0 0 1 1 1
0 1 1 1 0 0 0 0 0 1 0 0 1 0 1 0
0 0 0 1 1 1 0 0 0 0 0 0 0 0 0 1
0 1 0 1 0 1 0 0 1 1 0 1 0 0 0 0
0 0 0 0 0 1 0 1 0 0 1 0 1 1 0 0
0 0 0 1 0 1 1 1 0 1 1 0 1 0 1 0
1 1 0 0 0 0 1 0 0 0 1 1 0 1 0 0
1 1 0 0 0 1 0 0 0 0 0 0 0 0 0 1
0 0 0 0 1 1 0 0 0 0 0 1 0 0 0 0
0 1 0 0 0 0 0 0 0 0 0 0 0 1 0 0
0 0 1 1 1 0 0 0 1 1 0 1 1 0 1 0
1 1 0 1 1 0 0 0 1 1 0 0 0 0 1 1
0 1 1 0 0 0 1 0 1 0 0 1 0 1 1 1
1 1 1 0 0 0 0 1 0 0 0 1 0 0 0 1
0 1 0 0 1 1 0 0 0 1 0 0 0 1 0 0
27
d = 0.3219
16 16
1 1 1 0 0 0 1 1 1 0 0 0 0 0 1 0
0 0 1 0 0 0 1 0 1 0 1 0 0 1 0 1
0 0 0 0 1 0 0 0 1 0 0 0 0 0 1 0
1 1 0 0 0 0 1 0 1 0 0 0 1 0 0 0
0 0 0 1 0 0 1 0 1 0 1 0 1 0 0 1
0 0 1 0 1 0 0 0 1 0 0 0 1 0 0 0
0 0 0 0 1 0 0 0 0 1 1 0 0 0 0 0
1 0 0 0 0 1 1 0 0 1 1 0 0 1 0 1
0 0 0 0 1 1 1 0 0 0 0 1 0 0 0 0
0 1 1 0 0 0 0 1 0 0 1 1 0 0 1 1
0 1 0 0 1 0 1 0 0 1 1 1 1 0 0 0
0 0 0 1 0 0 0 0 0 0 0 0 0 0 0 1
0 0 1 0 0 0 1 1 0 0 0 1 0 1 0 0
0 0 0 1 0 0 0 0 1 0 0 1 0 0 0 0
0 0 1 0 0 0 1 0 0 0 0 1 0 0 0 0
1 1 1 0 1 1 0 0 0 1 1 0 0 0 0 0
28
d = 0.4490
16 16
0 0 1 0 1 0 1 0 1 0 0 0 0 1 1 1
0 0 1 1 0 0 1 0 1 0 1 1 0 1 0 0
0 1 0 1 0 1 0 0 1 1 0 1 0 1 0 0
0 0 1 0 0 0 1 0 1 0 0 1 1 1 1 0
1 0 0 1 0 1 0 0 1 0 0 0 1 0 0 0
0 0 1 0 1 0 0 0 0 0 0 1 0 1 1 0
1 1 1 1 0 0 1 0 1 1 0 0 1 0 0 0
0 0 1 0 0 1 1 0 1 0 1 1 0 1 0 1
0 1 1 1 0 1 1 1 1 0 0 0 0 1 0 0
0 0 0 1 0 1 0 1 1 1 0 0 0 1 0 0
1 1 0 0 0 1 1 0 0 0 0 1 0 0 0 0
1 1 1 1 0 0 0 0 0 0 0 0 1 0 0 0
0 1 0 1 0 0 0 0 0 0 1 1 1 1 1 0
0 1 1 0 0 1 0 1 1 0 1 1 1 0 0 0
1 1 1 1 0 0 1 0 1 0 1 1 1 0 0 0
0 1 1 0 0 0 0 0 1 1 0 1 0 0 0 0
29
d = 0.4367
16 16
0 0 1 0 1 0 1 1 0 0 0 1 0 0 1 0
1 0 1 0 0 1 1 0 1 1 0 0 0 0 0 1
1 0 1 0 1 1 1 1 1 1 1 0 1 0 0 1
0 0 0 0 0 1 0 0 1 0 0 1 0 0 1 0
1 1 1 0 0 0 0 1 0 1 1 0 0 0 1 0
0 1 0 0 0 0 1 0 0 0 0 1 1 0 0 0
0 0 1 1 0 0 1 0 1 0 0 0 0 1 1 0
0 1 0 1 0 0 1 0 0 0 1 1 0 0 0 1
1 1 1 1 1 1 0 1 0 0 0 0 0 1 0 1
0 0 0 1 1 0 0 1 0 1 1 1 1 0 0 1
1 0 1 0 1 0 0 1 0 0 1 1 0 0 1 0
1 1 0 0 1 1 0 1 0 0 1 1 0 1 1 0
1 0 0 1 1 0 1 1 1 0 1 0 0 0 1 1
1 0 0 0 0 0 1 1 0 1 0 1 1 0 1 0
0 0 0 1 1 1 0 0 0 0 0 0 0 0 0 0
1 1 1 1 1 0 1 1 0 1 1 0 0 1 0 1
30
d = 0.3223
16 16
0 1 1 1 0 1 0 1 0 0 0 0 1 0 0 1
1 0 0 0 1 0 1 1 1 1 1 1 0 1 0 0
0 0 1 0 0 0 0 0 1 1 0 0 0 0 1 0
0 0 0 0 1 0 0 0 0 1 0 0 1 0 1 0
0 0 0 0 1 0 1 1 0 0 0 0 0 0 0 0
1 0 1 0 0 1 0 1 1 0 0 0 1 0 0 0
0 1 0 0 0 0 0 0 1 0 0 0 1 1 0 1
0 1 0 0 0 0 1 0 1 0 0 0 0 1 0 0
0 0 0 0 0 0 0 0 0 0 0 0 0 0 1 1
0 1 1 1 0 1 1 0 0 1 1 0 1 0 0 1
0 0 0 0 0 1 0 0 1 1 1 0 0 1 1 0
0 0 0 0 0 0 1 0 1 0 0 0 0 1 0 0
1 1 1 0 0 1 0 0 0 0 0 0 0 1 1 0
0 0 0 1 1 1 0 0 1 1 0 1 0 0 1 0
0 1 0 0 0 0 1 0 1 0 1 0 1 1 0 0
0 0 1 1 0 0 1 0 0 0 0 1 0 0 1 0
31
d = 0.1989
16 16
0 0 0 0 0 0 0 0 0 0 0 0 1 1 0 0
1 0 0 1 0 1 0 0 1 0 0 0 1 0 0 0
0 0 0 0 0 0 1 1 0 0 0 0 0 0 0 0
0 0 0 0 0 0 0 0 0 0 0 1 0 0 0 1
0 1 0 0 0 0 0 0 0 0 0 0 0 0 0 0
0 0 1 1 0 0 1 0 0 0 1 0 0 0 0 0
0 0 0 1 0 1 0 0 0 0 0 1 0 0 0 0
0 0 0 0 0 0 0 0 1 0 0 0 1 1 0 0
1 0 0 0 0 0 0 0 0 1 0 0 0 1 0 0
0 1 0 0 0 0 0 1 0 0 0 1 0 1 0 0
0 0 1 0 0 0 0 0 0 0 0 0 0 0 1 0
0 0 0 0 0 0 0 0 0 0 0 1 0 0 0 1
0 0 0 0 0 1 0 0 0 1 0 1 1 0 0 0
1 0 0 0 0 0 0 0 0 0 0 0 0 0 0 0
0 0 0 0 0 0 1 0 1 0 1 0 1 1 0 1
0 0 0 1 0 0 0 0 0 0 0 0 0 0 1 0
32
d = 0.3020
16 16
0 0 1 1 0 0 0 0 0 0 0 0 1 0 1 1
0 1 0 1 1 0 1 1 0 1 0 0 0 0 0 0
0 1 1 1 0 0 0 1 1 0 0 0 0 1 0 0
0 1 1 0 1 0 0 0 1 0 0 0 0 0 0 0
0 0 0 1 0 0 1 0 0 1 0 0 0 0 0 1
0 0 0 0 0 0 0 0 0 1 1 0 0 0 1 0
0 0 0 0 0 1 0 1 0 0 0 1 1 0 0 0
0 0 1 0 0 0 0 0 1 0 0 0 0 0 0 1
0 1 0 0 0 0 0 1 0 1 1 0 1 0 0 0
0 0 0 0 0 0 0 0 0 1 0 1 0 0 0 0
0 0 0 0 1 0 0 0 0 1 0 0 1 0 0 0
1 0 0 1 0 1 0 1 0 0 1 0 0 1 0 0
0 1 1 0 0 0 0 0 0 0 0 1 0 0 0 1
1 0 1 1 0 0 1 0 0 0 0 0 1 0 1 0
0 0 0 1 0 1 0 0 1 1 0 0 0 1 0 0
0 0 0 0 1 1 0 0 1 0 0 1 0 0 1 0
33
d = 0.1078
16 16
0 0 0 0 0 1 1 0 0 0 0 0 0 0 0 0
0 0 0 0 1 0 0 0 0 0 0 0 0 0 0 0
0 0 0 0 0 0 0 0 0 1 0 0 0 0 0 0
0 0 0 0 0 0 0 0 0 0 0 0 0 0 0 0
1 0 0 0 0 0 0 0 0 0 0 0 0 0 0 0
0 0 0 1 0 0 1 0 1 0 0 0 0 0 0 0
0 0 0 0 0 1 0 1 1 0 0 0 0 0 0 1
1 0 0 0 0 0 0 0 0 0 0 1 0 0 0 0
0 0 0 0 1 0 0 1 0 0 0 0 0 1 0 1
0 0 0 0 0 1 0 1 0 0 0 0 0 0 0 1
0 1 0 0 0 1 0 0 0 0 0 0 0 0 0 0
0 0 0 0 0 0 0 1 0 0 0 0 1 0 0 0
0 0 0 1 0 0 0 0 0 0 0 0 0 0 0 0
0 0 0 0 0 0 0 0 0 1 0 0 0 0 0 0
0 0 0 1 0 0 0 1 0 0 0 0 0 0 1 0
0 0 0 0 0 0 0 0 0 0 0 0 1 0 1 0
34
d = 0.2540
16 16
0 1 0 0 0 0 1 0 1 0 0 0 1 0 0 1
1 0 0 0 0 0 0 0 0 0 0 1 0 0 0 0
0 0 0 0 0 0 0 1 0 0 0 1 0 1 0 0
0 0 0 1 0 0 0 0 1 0 1 1 0 1 0 0
0 0 0 1 0 0 0 1 1 1 1 0 1 0 0 0
0 0 0 0 0 0 0 1 0 0 0 1 0 0 0 1
0 0 1 0 1 0 0 0 1 0 1 1 0 0 0 0
0 0 1 1 0 0 0 0 0 1 0 0 0 1 0 0
0 1 0 0 0 0 0 0 0 0 1 0 0 1 0 0
0 0 0 0 0 0 0 0 1 1 1 0 1 0 0 0
0 0 0 0 0 0 0 0 0 0 0 1 0 0 0 0
0 0 0 0 0 0 1 1 1 0 0 0 1 0 1 0
0 1 0 1 0 0 1 0 0 0 1 0 0 0 0 0
0 1 0 1 1 0 0 0 0 0 0 0 0 0 0 0
0 0 1 1 0 0 0 1 0 0 0 1 0 0 1 0
0 1 0 1 0 0 1 0 0 0 1 0 0 0 0 1
35
d = 0.4816
16 16
0 0 1 1 1 1 0 0 0 1 0 0 0 0 1 0
0 1 0 1 0 0 0 0 1 1 1 0 0 0 1 0
1 1 0 0 0 0 1 1 1 0 0 1 0 1 0 0
0 0 0 0 1 0 0 0 0 1 1 0 0 0 1 1
0 0 0 0 1 1 0 0 0 1 0 0 0 0 0 0
0 0 0 0 0 0 1 0 1 0 0 0 1 0 0 1
0 1 0 0 0 0 1 1 0 0 0 0 0 1 0 0
0 1 0 1 1 0 1 1 0 0 0 0 1 1 1 0
0 0 1 1 1 1 1 0 0 0 1 0 1 0 0 0
0 0 0 1 1 0 0 0 1 0 0 0 1 1 0 0
0 0 0 0 0 0 0 0 1 0 1 0 1 1 1 1
0 0 0 1 0 0 1 1 1 1 1 0 0 0 1 1
0 1 0 1 1 0 0 1 0 0 0 1 0 1 1 1
0 1 1 0 0 0 0 1 1 1 0 0 1 1 0 0
1 1 0 0 1 0 1 1 0 1 1 1 0 0 1 1
1 0 0 0 1 0 0 0 1 1 1 0 1 0 0 0
36
d = 0.4763
16 16
1 1 0 1 1 1 0 0 1 1 0 0 0 0 0 1
1 1 1 0 1 1 0 0 1 0 1 1 0 1 1 0
0 0 0 0 1 1 1 0 0 1 1 1 0 0 0 1
0 1 1 0 0 0 0 0 1 1 1 0 1 0 0 0
0 0 1 0 0 0 1 0 1 0 0 0 1 1 0 0
0 1 0 0 0 1 1 0 1 1 0 1 1 0 1 1
0 0 1 0 0 1 0 1 0 1 0 1 0 1 1 1
1 1 0 0 1 1 1 0 1 1 1 0 1 0 1 1
0 1 1 0 0 0 0 0 0 0 1 0 1 0 1 1
1 0 0 1 0 0 0 0 0 1 1 1 1 1 1 0
1 0 0 0 1 1 1 0 0 0 0 0 1 0 1 0
0 1 0 0 0 1 1 1 1 1 0 1 0 0 1 0
0 1 1 0 0 1 1 1 0 0 1 0 1 1 1 1
0 0 0 0 1 1 1 0 1 1 0 0 1 1 1 1
1 0 1 1 1 0 0 0 1 0 1 1 1 0 0 1
1 0 1 0 0 1 1 0 0 1 0 0 0 1 0 1
37
d = 0.2631
16 16
0 0 0 0 0 1 0 0 0 1 1 0 0 0 0 0
0 0 0 0 0 0 0 0 1 0 0 0 1 0 1 0
0 0 0 0 0 0 0 0 0 0 1 0 1 0 0 0
1 0 0 1 0 0 0 1 0 0 0 1 0 1 0 1
0 1 1 0 0 1 0 0 1 0 1 0 0 0 0 0
0 1 0 1 0 0 0 0 1 1 1 1 0 0 0 0
0 1 0 0 0 0 0 0 0 1 0 1 0 0 0 0
1 1 0 1 0 1 0 1 0 1 0 0 0 0 1 0
0 1 0 0 1 0 0 0 0 0 0 0 0 1 0 0
1 0 0 0 0 0 0 1 1 1 0 0 1 0 0 0
0 0 0 0 1 0 0 1 1 0 0 0 0 0 0 0
0 0 1 0 0 0 0 0 0 0 0 0 1 1 0 1
0 0 0 0 0 0 0 0 0 1 0 0 0 0 0 0
0 0 0 0 0 0 1 1 1 0 0 0 0 1 0 0
0 0 0 0 0 0 0 0 0 0 0 0 1 0 0 1
1 0 0 0 1 1 0 0 0 1 0 0 1 0 1 0
38
d = 0.2176
16 16
1 0 0 0 0 0 0 0 0 0 0 1 0 0 1 1
0 0 0 0 0 1 1 0 0 0 0 0 0 1 0 0
1 0 1 0 0 0 0 0 0 1 0 0 0 0 0 0
0 0 0 1 0 1 0 0 0 1 0 0 0 0 0 0
0 0 0 0 0 0 1 0 0 0 0 0 0 0 1 1
0 0 1 0 0 0 1 0 0 0 0 0 0 0 1 1
1 0 0 0 0 1 0 0 0 0 1 0 0 0 0 0
0 0 0 0 0 0 1 0 1 0 0 0 0 0 0 0
0 0 1 0 0 0 1 1 0 0 0 0 1 0 0 0
1 0 0 1 0 0 1 0 1 1 0 1 0 0 0 0
0 0 0 0 0 0 0 1 0 0 0 0 0 0 0 1
1 1 0 0 0 0 0 0 0 0 0 0 1 0 0 0
0 0 0 0 0 0 0 0 0 0 0 0 1 0 0 0
0 1 0 0 0 0 0 1 1 0 0 0 0 0 0 0
1 0 0 0 1 0 1 0 0 0 1 0 0 0 0 1
0 0 0 0 0 0 1 0 1 1 1 0 0 0 0 0
39
d = 0.3747
16 16
0 0 0 0 0 0 0 1 1 0 0 1 0 1 0 1
0 0 0 0 0 0 1 1 0 1 0 1 0 1 1 1
0 0 0 0 0 0 0 0 1 1 1 1 0 0 0 0
0 1 1 1 1 1 1 1 0 0 0 0 1 0 1 0
1 0 1 0 0 0 1 0 0 0 1 0 1 0 1 1
0 0 1 1 0 0 0 1 0 0 0 0 0 1 0 1
1 1 1 0 0 0 0 1 0 0 0 1 0 0 0 1
1 1 1 0 1 1 0 0 1 0 1 0 1 0 0 0
0 1 0 1 0 1 1 1 1 0 0 1 1 1 0 0
0 0 0 1 0 0 0 1 0 1 1 0 1 0 1 1
1 0 1 0 1 0 0 0 0 0 1 1 1 1 1 0
0 1 1 0 0 0 0 0 1 0 0 1 1 1 0 1
0 0 1 0 1 1 1 1 1 0 1 1 1 0 1 0
1 1 0 1 1 1 1 1 1 1 0 1 1 0 0 0
1 1 1 1 1 0 0 0 0 0 0 1 0 1 1 0
0 1 1 1 0 1 0 0 0 1 0 1 0 0 0 0
40
d = 0.3146
16 16
1 1 0 1 0 1 0 0 0 1 0 0 1 0 0 0
1 0 1 1 0 0 1 1 0 0 1 1 0 1 0 0
0 0 0 0 1 0 1 0 0 0 1 0 0 0 0 1
0 1 1 1 0 1 1 0 0 1 1 1 1 0 1 0
1 0 0 0 0 1 0 0 1 0 0 0 0 0 0 0
0 0 0 0 0 0 0 1 0 1 1 0 0 0 1 0
0 1 0 1 0 1 0 1 1 0 1 0 0 0 0 0
0 0 0 0 0 0 1 1 0 1 0 0 1 0 0 0
1 1 0 0 0 0 0 0 1 0 1 0 0 1 0 1
1 0 0 0 0 0 0 0 0 0 1 0 0 0 1 0
0 0 0 0 0 0 1 0 0 0 0 0 1 0 0 0
0 1 0 0 1 0 0 1 0 0 1 0 0 0 0 0
0 0 0 0 1 0 0 1 0 0 0 0 0 0 0 0
0 0 1 0 1 0 0 0 0 0 0 0 1 1 1 0
0 0 1 0 0 0 1 0 1 1 0 0 0 0 0 0
0 0 1 1 0 0 0 0 0 0 0 0 1 0 0 0
41
d = 0.3076
16 16
0 0 1 0 1 0 0 0 1 0 1 1 0 0 1 1
1 0 0 1 1 0 0 0 1 1 1 1 1 0 0 0
0 0 0 0 0 0 0 0 0 0 0 1 0 0 1 1
0 0 1 0 1 1 0 1 0 0 0 0 0 0 0 1
0 1 1 0 0 0 0 1 0 0 1 0 0 0 1 0
0 0 0 0 0 0 0 1 0 1 0 1 0 0 0 0
1 0 0 0 0 0 0 0 0 1 0 0 0 0 0 0
0 0 0 0 0 0 1 0 1 0 0 1 0 0 0 0
0 0 0 1 0 1 0 0 0 0 0 0 0 0 1 0
0 1 1 0 0 1 0 1 0 0 0 0 0 0 1 0
0 0 1 1 1 1 1 0 0 0 1 0 1 1 0 0
0 0 1 0 0 0 0 0 1 1 1 0 0 0 0 0
0 0 0 0 0 0 1 1 0 0 0 0 0 1 0 1
0 1 0 0 0 0 0 0 1 0 0 1 1 1 0 0
0 1 0 0 0 0 0 0 0 1 0 1 1 0 0 0
1 0 0 0 0 0 0 0 0 1 0 0 0 1 0 1
42
d = 0.3280
16 16
1 0 0 0 1 0 1 0 0 0 0 0 0 0 0 1
0 1 0 0 0 0 1 0 0 0 0 0 0 0 1 0
0 0 0 0 1 1 0 0 0 0 1 0 1 0 0 0
0 0 0 0 0 0 1 0 1 1 0 0 0 0 0 0
0 1 0 0 1 0 0 0 0 0 1 0 0 1 0 0
1 0 1 1 1 1 1 0 1 0 0 0 1 1 1 0
0 0 0 0 1 0 0 1 0 0 0 0 0 0 1 0
1 0 0 0 0 0 0 0 1 0 0 0 1 0 1 0
0 0 1 0 1 1 0 1 0 1 1 0 0 0 1 0
1 0 0 0 1 0 0 0 1 0 1 1 1 0 0 1
0 0 0 0 0 0 1 0 0 0 0 0 0 0 0 1
0 1 0 0 0 0 0 0 0 0 0 0 0 0 0 0
0 0 1 0 0 0 1 0 1 0 0 1 1 0 0 1
1 0 1 0 0 0 0 1 0 0 1 0 0 0 0 0
1 1 1 1 0 1 0 0 0 0 0 1 0 0 1 0
1 1 0 0 1 1 0 0 0 0 0 0 0 0 1 1
43
d = 0.2142
16 16
1 0 0 1 1 0 0 0 0 1 1 0 1 0 1 0
1 0 0 1 0 1 0 0 0 0 0 1 0 0 0 0
0 0 0 0 1 0 0 0 1 1 0 1 0 0 0 0
0 0 0 0 0 0 0 0 0 0 0 0 0 0 1 0
0 1 1 0 0 0 1 0 0 0 1 0 0 0 0 0
0 0 0 0 0 0 0 1 0 0 0 1 0 0 0 0
1 0 1 0 0 0 1 1 0 0 0 1 0 0 0 0
0 0 0 0 1 1 1 0 0 0 0 1 0 0 0 0
0 1 0 1 0 0 0 0 0 0 0 0 0 0 0 0
0 0 0 1 1 0 0 0 1 0 1 0 0 1 0 0
0 1 0 0 1 0 0 0 0 0 0 0 0 0 0 0
0 0 1 0 0 0 0 0 0 0 0 0 1 0 0 1
0 0 0 0 0 1 0 0 1 0 0 0 0 1 0 0
0 0 0 0 0 0 1 0 1 0 0 0 0 0 0 1
0 0 0 0 0 0 0 0 0 1 0 0 1 0 0 1
0 0 0 0 0 0 0 0 0 1 0 0 0 0 0 0
44
d = 0.3230
16 16
1 1 1 1 0 0 0 0 1 0 0 0 1 1 0 1
0 0 1 1 0 0 0 1 1 1 0 1 0 1 0 0
0 1 0 0 0 1 0 1 0 0 0 0 1 1 0 0
0 0 0 0 1 0 0 1 0 0 1 0 0 0 0 0
1 1 0 1 0 0 0 0 0 0 0 0 0 0 1 1
1 0 1 0 0 0 1 1 0 0 0 0 0 0 1 0
1 0 0 0 0 0 0 0 0 0 0 1 0 0 1 0
0 0 0 0 1 0 1 0 1 0 0 1 0 0 1 0
0 1 0 0 0 1 0 1 0 1 0 0 1 0 0 1
0 0 1 0 0 0 0 0 0 0 0 0 1 0 0 0
0 0 1 0 0 0 0 1 1 0 1 0 0 0 1 0
0 1 1 1 1 0 0 0 0 0 1 0 1 1 0 1
0 0 1 0 0 0 1 0 1 1 0 0 1 0 0 1
0 0 0 1 1 0 1 0 0 1 0 0 0 0 1 1
1 0 0 0 0 1 1 1 1 1 0 0 0 0 0 0
0 0 1 0 1 0 0 0 0 0 0 0 0 0 0 0
45
d = 0.2897
16 16
0 1 0 0 0 0 1 0 1 1 0 0 0 0 1 0
0 0 0 0 0 0 0 1 1 0 1 0 1 0 1 1
1 1 0 0 0 0 1 0 1 0 0 0 1 0 0 1
0 1 0 0 1 0 0 1 0 0 0 1 0 0 1 0
1 0 0 0 0 0 0 0 0 1 1 1 0 0 0 0
0 0 0 0 1 0 0 0 0 0 0 1 0 1 1 1
0 1 0 0 0 1 0 1 0 0 1 1 0 1 1 1
1 0 1 0 0 1 0 0 0 0 0 1 1 0 0 0
0 0 0 0 0 0 0 1 1 0 0 1 0 0 0 0
0 0 1 0 1 0 1 1 0 0 1 0 1 0 0 1
0 0 0 0 0 1 0 0 0 0 0 0 0 0 0 0
0 0 0 1 0 1 0 1 1 0 0 0 0 0 1 0
0 0 0 1 0 0 0 0 0 0 0 0 0 0 0 0
1 0 0 0 0 0 0 0 1 0 1 0 0 0 0 1
0 0 0 0 0 0 0 0 0 0 0 1 0 0 0 0
1 1 0 0 1 0 1 0 0 1 1 0 0 1 0 0
46
d = 0.2930
16 16
0 0 0 0 0 0 0 0 1 0 1 0 1 0 1 1
0 0 0 0 0 0 0 1 0 0 0 0 1 0 0 1
0 0 1 0 0 1 0 0 0 1 1 0 1 1 0 0
0 0 0 0 0 0 1 0 1 0 0 0 0 0 0 1
0 0 0 0 0 1 1 0 0 0 1 1 0 1 0 0
0 1 0 1 0 0 0 0 0 0 0 0 1 0 1 0
0 0 1 0 0 1 0 0 0 0 0 0 0 1 0 0
0 0 1 0 0 0 0 1 0 0 1 1 0 0 0 0
0 0 0 0 1 0 0 1 0 0 0 0 0 0 1 1
0 0 1 0 0 0 0 0 0 0 1 1 0 0 0 0
1 0 1 0 0 0 0 0 0 0 0 1 0 0 1 1
0 0 1 0 0 0 0 0 1 0 0 1 1 0 0 1
0 0 1 0 0 0 0 1 0 1 0 0 0 0 0 0
0 0 0 0 0 0 0 0 0 0 0 0 0 0 1 0
0 0 1 1 0 1 0 1 0 0 1 1 0 0 0 0
0 0 0 0 0 0 0 1 0 0 0 0 0 1 0 1
47
d = 0.3181
16 16
1 1 1 0 0 0 0 0 0 1 0 1 0 0 0 0
0 1 0 0 0 0 0 0 0 1 0 0 0 0 0 1
0 0 0 0 1 0 0 0 0 0 0 0 0 0 0 0
0 0 0 1 0 1 0 0 0 0 1 1 0 0 0 0
0 0 0 0 0 0 0 0 0 1 0 0 0 0 0 0
0 0 0 0 0 0 0 0 0 1 0 0 1 1 1 0
0 1 0 1 0 1 1 0 0 0 0 0 1 0 1 0
0 0 1 0 1 0 1 0 0 0 1 1 1 1 0 1
0 0 1 1 0 0 0 0 1 0 0 0 1 0 1 0
0 1 0 0 0 0 0 0 0 0 0 0 0 1 1 1
0 0 1 0 0 1 0 0 0 0 1 0 0 0 1 1
0 0 1 0 1 1 0 0 0 1 0 1 1 0 0 0
0 0 1 1 0 1 0 0 0 0 0 1 0 0 0 0
1 1 1 0 1 0 1 1 0 1 1 0 1 0 1 0
0 0 0 0 0 0 0 0 0 0 0 0 0 0 1 0
1 0 1 0 1 1 0 0 0 0 0 0 0 0 0 0
48
d = 0.1775
16 16
0 0 0 0 0 0 0 1 0 0 0 1 0 0 0 0
0 1 0 0 0 0 0 0 0 0 0 0 0 0 1 0
0 0 0 0 0 0 0 0 0 1 0 0 0 0 0 0
0 0 0 1 0 0 0 0 1 0 0 1 0 1 0 0
0 0 1 0 0 0 0 0 0 0 0 0 0 0 1 0
0 0 0 0 0 0 0 1 0 0 0 0 0 0 0 0
0 0 0 0 0 0 1 1 0 0 0 0 0 1 1 0
0 0 0 0 0 0 0 1 0 0 0 0 1 0 0 0
0 1 0 0 0 0 0 0 0 0 0 0 0 1 0 0
0 0 0 0 0 0 0 0 0 0 0 0 1 0 0 1
0 1 0 0 0 1 0 0 0 0 1 0 0 0 0 0
0 0 1 0 1 0 0 0 0 1 0 1 0 0 0 0
0 0 0 0 0 0 0 0 0 0 0 1 0 0 0 1
0 0 0 1 0 0 0 0 0 0 0 0 0 0 0 0
0 1 0 1 0 0 0 1 0 0 0 0 0 0 0 0
0 0 0 0 0 0 0 0 0 0 0 0 0 1 0 0
49
d = 0.2995
16 16
0 0 0 1 0 0 0 0 0 0 0 1 1 1 0 0
0 1 1 0 1 0 0 0 0 1 0 0 0 0 0 0
0 0 0 0 0 1 0 0 0 0 0 1 1 0 1 0
0 0 0 0 1 0 0 0 1 1 0 0 0 0 0 1
0 0 0 0 0 0 0 0 0 1 0 0 0 0 0 0
0 0 0 1 1 0 1 0 0 0 0 0 1 1 0 0
0 0 1 1 0 1 0 0 0 1 0 0 1 0 0 1
1 0 0 0 1 0 1 0 1 0 0 0 0 0 1 0
0 0 0 0 0 0 0 1 1 0 0 0 1 0 0 1
0 0 1 1 0 0 1 0 0 1 0 0 0 1 1 0
0 0 1 0 0 0 1 0 0 1 0 0 0 0 0 0
0 1 0 0 0 1 0 0 0 1 0 0 0 1 0 0
1 0 1 0 0 1 0 0 0 0 0 0 1 1 0 0
0 0 1 0 0 0 0 0 0 0 0 0 0 0 1 0
0 0 1 0 0 0 0 0 1 0 1 0 0 0 1 0
1 0 0 0 1 0 0 0 1 0 0 1 1 1 0 1
50
d = 0.2424
16 16
0 0 0 0 0 0 0 1 0 0 0 1 0 0 1 1
0 0 0 0 0 0 0 0 0 0 0 0 1 0 0 0
0 0 0 0 0 1 0 0 0 0 1 0 0 0 0 0
0 1 1 0 0 0 0 1 1 0 0 0 0 0 0 0
1 0 0 1 0 0 1 0 1 0 0 1 0 0 0 0
1 1 1 1 1 0 0 0 1 1 0 1 0 0 1 0
0 1 0 1 0 0 1 0 0 0 0 0 0 1 0 0
1 0 0 0 0 0 1 0 0 0 1 0 0 0 0 1
0 1 0 0 0 1 1 0 0 0 0 0 0 0 0 0
0 0 0 0 0 0 0 0 1 0 0 0 1 0 1 1
0 1 0 0 0 0 1 1 0 1 0 1 0 0 0 0
0 0 0 0 1 0 0 0 1 0 0 1 0 1 1 0
0 1 0 0 1 1 1 0 0 0 1 0 0 0 0 0
0 0 0 0 0 0 1 0 0 0 0 1 0 0 0 0
0 0 0 0 0 0 0 0 0 1 0 0 0 0 0 1
0 0 1 1 0 0 0 0 0 0 0 1 0 0 0 0
